10352481
10348476
11337141
1131814
16349250
16347425
16319902
16342186
13353897
16342189
18331907
1531977
18335250
16322263
1534476
16339557
10338244
18331774
19334516
17335751
1034268
17342116
17327485
19352540
16347476
17341896
16346936
17336127
16353984
11338112
16316169
17316127
17339955
18342566
17316066
17337081
19334517
17343086
15330367
16354142
17325582
14326814
18322861
16316092
16322257
16340049
16353980
18331899
15329370
1634924
19337172
10348572
17325967
17335628
14339856
16349397
17339956
15341003
1832377
18326328
16248803
17345591
10253377
18342494
103278
15320201
15341708
17311111
16353602
17327014
17342121
10348566
18331903
17311973
16340457
15341044
16325265
19338671
18343177
17332179
16322221
16349227
18334961
15317573
16349121
10348372
18338255
16342076
16343540
18331896
13341533
1832201
15345047
15345050
16316178
16245656
14343332
13340060
14345996
15341695
17330678
17327626
18342493
16237074
14339978
17349748
1534147
15336051
16328671
17336728
19338210
17325984
16331289
15343638
18323219
17339343
10352976
1032492
19336661
18352307
17327016
13343341
15347349
10351485
1734504
19332453
15344971
12349705
17318046
19338206
10353114
16340535
16340287
15336052
19337149
16324552
18342431
16348069
15347660
10351483
18336640
133430
13328458
17319277
16341174
1334817
13328454
10348374
10354195
16328106
16340832
1833227
18332236
18348535
10253373
16349242
1939216
16245639
18342356
18340757
16322226
16349124
1032067
17337085
17336135
10348559
18340240
16349232
13229123
14346171
17327064
17311033
19346956
11319543
18331886
17336138
18340494
10335081
10353113
13331477
15341688
16354128
17335484
17337086
17337090
18331866
13353817
16349342
17326835
17327040
17327873
17329281
17332494
1833035
18331762
18331865
18336620
19332493