18313358
16340271
16340832
14339933
1833218
1833204
17347650
18317949
1833175
14346171
17336138
17333151
18313515
10320617
1135534
14339866
17332178
13328013
17343643
10330122
18335250
16353988
14343345
18331895
15345432
1833257
18331865
17327031
1833360
13347968
17315962
10348635
18311573
10348569
1832603
12353468
14326748
18323719
1332394
1833186
18331769
17336291
1331154
1733959
18313021
13326550
18312597
1832567
16322241
17319274
16321837
19346956
17336728
18340494
12318429
18313576
18313170
18319593
18322864
18311107
10253506
18340763
13322635
18337757
17311018
15336272
10253506
20322921
17341751
13346294
17316031
17327847
18342473
14343346
18322876
18342179
13331477
17337090
18313148
14339865
14340068
13338903
13326550
16322251
1734495
17329187
16333836
1833867
10348671
17342993
12318138
17316041
13346105
17339954
16349324
18320307
13332885
13328452
1032492
10348666
19336661
16316028
18349542
1833857
19332451
16325149
16345970
18352307
17329516
17327016
16349320
18342430
17327842
16340274
16340600
16316169
16353967
17329281
17325957
15347345
11317389
17329281
17247647
10352481
14344418
10348476
18324589
16342829
17327437
11337141
1131814
16349250
16347425
16319902
16342186
17343201
13353897
16342189
18331907
1531977
18342430
16317117
18335250
16322263
1534476
16339557
10338244
16321854
18331774
19334516
17327022
17335751
1034268
17328691
17342116
17327485
19352540
16347476
10352980
17335614
17341896
10351486
18333901
16346936
1833752
17336127
16353984
11338112
16316169
17327860
17316127
17339955
10336675
18342566
18322581
17316066
1733948
10340536
18319695
17337081
18314485
18323718
1833222
19334517
17343086
18313601
15330367
16354142
19334747
17325582
14326897
14326814
18322861
16316092
16353993
16347425
16322257
16340049
16353980
18331899
15329370
18313357
18313359
16325149
17333247
16317151
1634924
19337172
19337172
10348572
18313575
18332902
1833459
17325967
17335628
14339931
16342833
18313150
14339856
16349397
1032077
18311515
17339956
15341003
18313373
1832377
18326328
16342808
16316918
16248803
14341506
17345591
10253377
14326814
18342494
103278
15320201
15341708
17311111
16353602
17327014
17340191
17342121
10354195
18318714
10348566
18331903
17311973
18319620
16340457
17315967
19337162
18320618
17335265
14340066
16341576
1331170
15341044
1833375
16325265
19338671
19338204
18343177
17332179
16322221
18313159
18313843
16349227
18334961
15317573
18311515
14340361
10326556
103278
16349320
16349121
10348372
10348572
18338255
16342076
16343540
18331896
16340985
13341533
13310255
17336302
1832201
14339867
15345047
15345050
16316178
16340533
16245656
16337522
1833464
19338205
14343332
13340060
14345996
19338210